rs2794520 3.32e-23 2.11e-23 1.64e-22 1.28e-13
rs2650000 1.71e-12 1.64e-12 8.09e-12 8.65e-08
rs560887 5.30e-12 1.14e-12 1.39e-09 4.83e-08
rs7298683 2.01e-07 8.14e-05 7.23e-08 5.92e-09
rs2167079 4.46e-08 1.26e-06 5.06e-08 9.78e-08
rs7120118 4.62e-08 1.13e-06 5.07e-08 1.15e-07
rs1532085 3.53e-12 1.08e-11 2.98e-11 2.25e-07
rs3764261 4.15e-32 4.89e-32 2.88e-31 3.63e-18
rs255049 5.26e-09 1.45e-08 3.94e-08 5.85e-06
rs1800961 2.39e-08 2.82e-08 8.96e-08 6.29e-06
rs646776 1.97e-15 4.17e-15 9.71e-15 8.36e-10
rs693 1.25e-11 2.97e-11 5.84e-11 8.81e-09
rs11668477 1.98e-08 4.04e-09 1.96e-08 2.62e-07
rs673548 2.61e-08 6.54e-08 2.21e-07 6.11e-06
rs1260326 1.64e-10 1.88e-10 1.49e-09 1.32e-06
rs10096633 5.32e-08 1.98e-08 1.19e-07 3.47e-06
